48.0078
48.0724
48.1169
48.1788
48.2041
48.2269
48.2634
48.2945
48.3032
48.3433
48.3487
48.3610
48.3793
48.4193
48.4464
48.4717
48.5212
48.5899
48.6356
48.6638
48.7117
48.7167
48.7423
48.7714
48.8527
48.9397
48.9681
49.0156
49.0251
49.0777
49.0859
49.1105
49.1706
49.1755
49.2231
49.2324
49.2695
49.2768
49.2861
49.3203
49.3416
49.3667
49.4366
49.4924
49.5068
49.5135
49.5157
49.5368
49.5471
49.5862
49.6163
49.6613
49.7175
49.7311
49.7335
49.7458
49.7565
49.7790
49.7981
49.8041
49.8249
49.8877
49.8898
49.8946
49.9032
49.9118
49.9468
49.9500
49.9660
49.9765

